0.00000 0.00000 0.00000
1.00000 0.82745 0.00000
1.00000 0.14902 0.14902
0.00000 0.65882 0.89412
1.00000 0.61961 0.04314
0.14902 0.43922 0.00000
1.00000 1.00000 0.00000
0.00000 0.00000 0.00000
0.00000 0.00000 0.00000
0.00000 0.00000 0.00000
0.43922 0.64706 0.00000
0.00000 0.68627 0.29412
0.86667 0.64706 0.04314
0.86667 0.64706 0.04314
0.49412 0.82745 1.00000
0.00000 0.00000 0.00000
0.00000 0.00000 0.00000
0.00000 0.00000 0.00000
0.00000 0.00000 0.00000
0.00000 0.00000 0.00000
0.00000 0.00000 0.00000
0.88627 0.00000 0.48627
0.53725 0.38431 0.32941
0.84706 0.70980 0.41961
0.64706 0.43922 0.00000
0.83922 0.61961 0.73725
0.43922 0.43922 0.00000
0.67451 0.00000 0.48627
0.62745 0.34902 0.53725
0.43922 0.00000 0.28627
0.83922 0.61961 0.73725
0.81961 1.00000 0.00000
0.49412 0.60000 1.00000
0.83922 0.83922 0.00000
0.81961 1.00000 0.00000
0.00000 0.68627 0.29412
1.00000 0.64706 0.88627
0.64706 0.94902 0.54902
0.00000 0.68627 0.29412
0.83922 0.61961 0.73725
0.00000 0.00000 0.00000
0.65882 0.00000 0.89412
0.64706 0.00000 0.00000
0.43922 0.14902 0.00000
0.00000 0.68627 0.29412
0.69412 0.49412 1.00000
0.43922 0.14902 0.00000
1.00000 0.40000 0.40000
1.00000 0.40000 0.40000
1.00000 0.80000 0.40000
1.00000 0.40000 0.40000
0.00000 0.68627 0.29412
0.00000 0.86667 0.68627
0.32941 1.00000 0.00000
0.94902 0.63922 0.46667
1.00000 0.40000 0.40000
0.00000 0.68627 0.29412
0.49412 0.82745 1.00000
0.90980 0.74902 1.00000
0.68627 1.00000 0.86667
0.00000 0.68627 0.29412
0.74902 0.74902 0.46667
0.00000 0.00000 0.00000
0.57647 0.80000 0.57647
0.77647 0.83922 0.61961
0.80000 0.74902 0.63922
1.00000 0.00000 1.00000
1.00000 0.55686 0.66667
0.72941 0.00000 0.30980
0.43922 0.26667 0.53725
0.00000 0.46667 0.46667
0.69412 0.60392 0.43922
1.00000 1.00000 0.49412
0.00000 0.00000 0.00000
0.70980 0.43922 0.35686
0.00000 0.64706 0.50980
0.91373 0.83922 0.68627
0.69412 0.60392 0.43922
0.00000 0.00000 0.00000
0.00000 0.00000 0.00000
0.00000 0.00000 0.00000
0.94902 0.94902 0.94902
0.60392 0.60392 0.60392
0.29412 0.43922 0.63922
0.00000 0.00000 0.00000
0.00000 0.00000 0.00000
0.00000 0.00000 0.00000
0.49412 0.69412 0.69412
0.90980 1.00000 0.74902
0.00000 0.00000 0.00000
0.00000 0.00000 0.00000
0.00000 0.00000 0.00000
0.00000 1.00000 1.00000
0.00000 0.00000 0.00000
0.00000 0.00000 0.00000
0.00000 0.00000 0.00000
0.00000 0.00000 0.00000
0.00000 0.00000 0.00000
0.00000 0.00000 0.00000
0.00000 0.00000 0.00000
0.00000 0.00000 0.00000
0.00000 0.00000 0.00000
0.00000 0.00000 0.00000
0.00000 0.00000 0.00000
0.00000 0.00000 0.00000
0.00000 0.00000 0.00000
0.00000 0.00000 0.00000
0.00000 0.00000 0.00000
0.00000 0.00000 0.00000
0.00000 0.00000 0.00000
0.00000 0.00000 0.00000
0.29412 0.43922 0.63922
0.82745 0.88627 0.97647
0.00000 0.00000 0.00000
0.00000 0.00000 0.00000
0.00000 0.00000 0.00000
0.00000 0.00000 0.00000
0.00000 0.00000 0.00000
0.00000 0.00000 0.00000
0.00000 0.00000 0.00000
0.00000 0.00000 0.00000
0.60392 0.60392 0.60392
0.60392 0.60392 0.60392
0.60392 0.60392 0.60392
0.60392 0.60392 0.60392
0.00000 0.00000 0.00000
0.00000 0.00000 0.00000
0.00000 0.00000 0.00000
0.00000 0.00000 0.00000
0.00000 0.00000 0.00000
0.00000 0.00000 0.00000
0.80000 0.74902 0.63922
0.00000 0.00000 0.00000
0.00000 0.00000 0.00000
0.00000 0.00000 0.00000
0.00000 0.00000 0.00000
0.00000 0.00000 0.00000
0.00000 0.00000 0.00000
0.00000 0.00000 0.00000
0.00000 0.00000 0.00000
0.00000 0.00000 0.00000
0.57647 0.80000 0.57647
0.57647 0.80000 0.57647
0.57647 0.80000 0.57647
0.00000 0.00000 0.00000
0.00000 0.00000 0.00000
0.00000 0.00000 0.00000
0.00000 0.00000 0.00000
0.00000 0.00000 0.00000
0.00000 0.00000 0.00000
0.00000 0.00000 0.00000
0.00000 0.00000 0.00000
0.77647 0.83922 0.61961
0.00000 0.00000 0.00000
0.00000 0.00000 0.00000
0.00000 0.00000 0.00000
0.00000 0.00000 0.00000
0.00000 0.00000 0.00000
0.00000 0.00000 0.00000
0.00000 0.00000 0.00000
0.00000 0.00000 0.00000
0.00000 0.00000 0.00000
0.00000 0.00000 0.00000
0.00000 0.00000 0.00000
0.00000 0.00000 0.00000
0.00000 0.00000 0.00000
0.00000 0.00000 0.00000
0.00000 0.00000 0.00000
0.00000 0.00000 0.00000
0.00000 0.00000 0.00000
0.00000 0.00000 0.00000
0.00000 0.00000 0.00000
0.00000 0.00000 0.00000
0.00000 0.00000 0.00000
0.00000 0.00000 0.00000
0.00000 0.00000 0.00000
0.90980 1.00000 0.74902
0.00000 0.00000 0.00000
0.00000 0.00000 0.00000
0.00000 0.00000 0.00000
0.00000 0.00000 0.00000
0.00000 0.00000 0.00000
0.00000 0.00000 0.00000
0.00000 0.00000 0.00000
0.00000 0.00000 0.00000
0.00000 0.00000 0.00000
0.00000 0.00000 0.00000
0.00000 0.00000 0.00000
0.00000 0.00000 0.00000
0.00000 0.00000 0.00000
0.49412 0.69412 0.69412
0.00000 0.00000 0.00000
0.00000 0.00000 0.00000
0.00000 0.00000 0.00000
0.00000 0.00000 0.00000
0.49412 0.69412 0.69412
0.00000 0.00000 0.00000
0.00000 0.00000 0.00000
0.00000 0.00000 0.00000
0.00000 0.00000 0.00000
0.00000 0.00000 0.00000
0.00000 0.00000 0.00000
0.00000 0.00000 0.00000
0.00000 0.00000 0.00000
0.00000 1.00000 0.54902
0.83922 0.61961 0.73725
1.00000 0.40000 0.40000
1.00000 0.40000 0.40000
1.00000 0.40000 0.40000
1.00000 0.40000 0.40000
1.00000 0.55686 0.66667
0.20000 0.28627 0.20000
0.89412 0.43922 0.14902
1.00000 0.40000 0.40000
1.00000 0.40000 0.40000
0.40000 0.60000 0.29804
1.00000 0.40000 0.40000
0.69412 0.60392 0.43922
1.00000 0.55686 0.66667
1.00000 0.40000 0.40000
1.00000 0.55686 0.66667
1.00000 0.40000 0.40000
1.00000 0.40000 0.40000
1.00000 0.55686 0.66667
0.00000 0.68627 0.29412
1.00000 0.82745 0.00000
1.00000 0.82745 0.00000
1.00000 0.40000 0.40000
1.00000 0.82353 0.00000
1.00000 0.40000 0.40000
0.53725 0.38431 0.32941
1.00000 0.40000 0.40000
1.00000 0.14902 0.14902
0.88627 0.00000 0.48627
1.00000 0.61961 0.04314
1.00000 0.61961 0.04314
0.64706 0.43922 0.00000
1.00000 0.82745 0.00000
0.64706 0.43922 0.00000
0.14902 0.43922 0.00000
0.14902 0.43922 0.00000
1.00000 0.82745 0.00000
0.00000 0.00000 0.60000
1.00000 0.40000 0.40000
1.00000 0.40000 0.40000
1.00000 0.40000 0.40000
1.00000 0.40000 0.40000
1.00000 0.40000 0.40000
1.00000 0.40000 0.40000
1.00000 0.40000 0.40000
1.00000 0.40000 0.40000
0.00000 0.00000 0.00000
0.00000 0.00000 0.00000
0.00000 0.00000 0.00000
0.14902 0.43922 0.00000
0.00000 0.00000 0.00000
